data/01.jpg 0.495833333333 0.525 0.1625 0.164583333333 0.0 0.0 0.0 0.0 0.427916666667 0.0 0.0 0.0 0.0 0.0 0.0 0.0 0.0 0.0 0.0 0.0 1 0 
data/02.jpg 0.495833333333 0.495833333333 0.158333333333 0.15 0.0 0.0 0.0 0.0 0.0 0.0 0.0 0.0 0.38 0.0 0.0 0.0 0.0 0.0 0.0 0.0 1 0 
data/03.jpg 0.495833333333 0.479166666667 0.15 0.1625 0.0 0.0 0.0 0.0 0.0 0.0 0.0 0.0 0.0 0.0 0.0 0.0 0.39 0.0 0.0 0.0 1 0 
data/10.jpg 0.504166666667 0.5 0.1625 0.15625 0.0 0.40625 0.0 0.0 0.0 0.0 0.0 0.0 0.0 0.0 0.0 0.0 0.0 0.0 0.0 0.0 1 0 
data/12.jpg 0.508333333333 0.504166666667 0.152083333333 0.15 0.0 0.0 0.0 0.0 0.0 0.0 0.0 0.0 0.0 0.365 0.0 0.0 0.0 0.0 0.0 0.0 1 0 
data/13.jpg 0.491666666667 0.4875 0.172916666667 0.158333333333 0.0 0.0 0.0 0.0 0.0 0.0 0.0 0.0 0.0 0.0 0.0 0.0 0.0 0.438055555556 0.0 0.0 1 0 
data/20.jpg 0.483333333333 0.495833333333 0.160416666667 0.141666666667 0.0 0.0 0.363611111111 0.0 0.0 0.0 0.0 0.0 0.0 0.0 0.0 0.0 0.0 0.0 0.0 0.0 1 0 
data/21.jpg 0.495833333333 0.495833333333 0.15 0.154166666667 0.0 0.0 0.0 0.0 0.0 0.0 0.37 0.0 0.0 0.0 0.0 0.0 0.0 0.0 0.0 0.0 1 0 
data/23.jpg 0.516666666667 0.4875 0.152083333333 0.166666666667 0.0 0.0 0.0 0.0 0.0 0.0 0.0 0.0 0.0 0.0 0.0 0.0 0.0 0.0 0.405555555556 0.0 1 0 
data/30.jpg 0.516666666667 0.504166666667 0.160416666667 0.154166666667 0.0 0.0 0.0 0.395694444444 0.0 0.0 0.0 0.0 0.0 0.0 0.0 0.0 0.0 0.0 0.0 0.0 1 0 
data/31.jpg 0.5 0.5125 0.160416666667 0.15 0.0 0.0 0.0 0.0 0.0 0.0 0.0 0.385 0.0 0.0 0.0 0.0 0.0 0.0 0.0 0.0 1 0 
data/32.jpg 0.508333333333 0.483333333333 0.15625 0.164583333333 0.0 0.0 0.0 0.0 0.0 0.0 0.0 0.0 0.0 0.0 0.0 0.411458333333 0.0 0.0 0.0 0.0 1 0 
